50

2 33
2 2 2
2 2 2
2 2 2
2 2 2
2 2 2
4 2 1 1 2
4 2 1 1 2
4 2 1 1 2
4 2 1 1 2
4 2 1 1 2
4 2 1 1 2
4 2 1 1 2
4 2 1 1 2
4 2 1 1 2
4 2 1 1 2
4 2 1 1 2
4 2 1 1 2
4 2 1 1 2
2 2 2
2 2 2
2 2 2
2 2 2
2 2 2
2 2 2
2 2 2
2 2 2
0
0
0
0
0
0
0

2 14
0
0
4 2 2 1 1
4 2 2 1 1
4 2 2 1 1
4 2 2 1 1
4 2 2 1 1
4 1 1 2 2
4 1 1 2 2
2 2 2
0
0
0
0

2 45
0
0
0
2 2 2
2 2 2
2 2 2
2 2 2
2 2 2
2 2 2
2 2 2
2 2 2
2 2 2
2 2 2
2 2 2
2 2 2
0
2 1 1
2 1 1
2 1 1
4 1 1 2 2
4 1 1 2 2
4 1 1 2 2
4 1 1 2 2
4 1 1 2 2
4 1 1 2 2
4 1 1 2 2
4 1 1 2 2
4 1 1 2 2
4 1 1 2 2
4 1 1 2 2
4 1 1 2 2
4 1 1 2 2
4 1 1 2 2
4 1 1 2 2
4 1 1 2 2
4 1 1 2 2
4 1 1 2 2
2 2 2
2 2 2
2 2 2
0
0
0
0
0

2 19
0
0
0
0
0
2 1 1
4 2 2 1 1
4 2 2 1 1
4 2 2 1 1
4 2 2 1 1
4 2 2 1 1
4 2 2 1 1
2 2 2
4 2 1 1 2
4 2 1 1 2
4 2 1 1 2
2 2 2
2 2 2
2 2 2

2 49
0
0
2 1 1
4 1 2 2 1
4 1 2 2 1
4 1 2 2 1
4 1 2 2 1
4 1 2 2 1
4 1 2 2 1
4 1 2 2 1
4 1 2 2 1
4 1 2 2 1
4 1 2 2 1
4 1 2 2 1
4 1 2 2 1
4 1 2 2 1
4 1 2 2 1
4 1 2 2 1
4 1 2 2 1
4 1 2 2 1
2 1 1
2 1 1
2 1 1
2 1 1
0
0
0
0
0
0
0
0
0
0
0
0
0
0
2 2 2
2 2 2
0
0
0
0
0
0
0
0
0

2 15
0
0
0
4 2 2 1 1
4 2 2 1 1
4 2 2 1 1
4 2 2 1 1
2 1 1
2 1 1
4 1 1 2 2
4 1 1 2 2
4 1 1 2 2
2 2 2
0
0

2 31
0
0
0
0
0
0
0
0
0
0
0
0
0
0
2 1 1
2 1 1
4 1 1 2 2
4 1 1 2 2
4 1 1 2 2
4 1 1 2 2
4 1 1 2 2
4 2 2 1 1
4 2 2 1 1
4 2 2 1 1
4 2 2 1 1
4 2 2 1 1
4 2 2 1 1
4 2 2 1 1
4 2 2 1 1
4 2 2 1 1
4 2 2 1 1

2 39
2 1 1
2 1 1
2 1 1
2 1 1
2 1 1
2 1 1
2 1 1
0
0
0
0
0
0
0
0
0
0
0
0
0
0
0
0
2 2 2
2 2 2
2 2 2
2 2 2
2 2 2
2 2 2
2 2 2
0
0
0
0
0
0
0
0
0

2 7
0
2 1 1
4 1 1 2 2
4 1 1 2 2
2 1 1
2 1 1
0

2 15
2 2 2
2 2 2
2 2 2
2 2 2
2 2 2
0
0
0
2 1 1
2 1 1
0
0
0
0
0

2 26
0
0
0
0
0
0
0
0
0
0
2 2 2
4 1 1 2 2
4 1 1 2 2
4 1 1 2 2
4 1 1 2 2
4 1 1 2 2
2 1 1
2 1 1
2 1 1
0
0
0
0
0
0
0

2 44
0
0
0
0
0
0
0
0
0
0
2 2 2
2 2 2
2 2 2
2 2 2
2 2 2
2 2 2
2 2 2
2 2 2
2 2 2
2 2 2
2 2 2
2 2 2
2 2 2
4 1 1 2 2
2 2 2
2 2 2
2 2 2
2 2 2
2 2 2
0
0
2 2 2
2 2 2
2 2 2
2 2 2
2 2 2
0
0
0
0
0
0
0
0

2 10
0
0
2 2 2
0
2 1 1
2 1 1
2 1 1
0
0
0

2 38
0
0
0
0
0
0
0
0
0
2 1 1
2 1 1
2 1 1
2 1 1
2 1 1
2 1 1
0
0
0
0
0
0
0
0
0
0
0
0
0
0
0
0
0
0
0
0
0
0
0

2 5
0
0
4 1 1 2 2
4 1 1 2 2
4 1 1 2 2

2 46
0
0
0
0
0
0
2 1 1
2 1 1
2 1 1
2 1 1
0
0
0
0
0
0
0
0
2 1 1
2 1 1
2 1 1
2 1 1
2 1 1
2 1 1
2 1 1
2 1 1
2 1 1
2 1 1
2 1 1
4 1 2 2 1
4 1 2 2 1
4 1 2 2 1
4 1 2 2 1
4 1 2 2 1
4 1 2 2 1
2 1 1
2 1 1
2 1 1
2 1 1
2 1 1
2 1 1
2 1 1
2 1 1
2 1 1
2 1 1
2 1 1

2 7
2 2 2
2 2 2
0
0
0
0
0

2 10
2 1 1
4 1 2 2 1
4 1 2 2 1
4 1 2 2 1
4 1 2 2 1
4 1 2 2 1
4 1 2 2 1
2 1 1
2 1 1
0

2 17
0
2 2 2
2 2 2
2 2 2
2 2 2
2 2 2
2 2 2
2 2 2
4 2 2 1 1
4 2 2 1 1
4 2 2 1 1
2 2 2
2 2 2
0
0
0
0

2 48
0
0
0
0
0
0
0
2 2 2
2 2 2
2 2 2
2 2 2
2 2 2
2 2 2
2 2 2
2 2 2
2 2 2
2 2 2
4 2 1 1 2
4 2 1 1 2
2 2 2
2 2 2
2 2 2
2 2 2
2 2 2
2 2 2
2 2 2
2 2 2
2 2 2
2 2 2
2 2 2
2 2 2
2 2 2
2 2 2
2 2 2
2 2 2
2 2 2
2 2 2
2 2 2
2 2 2
2 2 2
2 2 2
2 2 2
2 2 2
2 2 2
2 2 2
2 2 2
2 2 2
2 2 2

2 49
0
2 1 1
2 1 1
2 1 1
2 1 1
2 1 1
2 1 1
2 1 1
2 1 1
2 1 1
2 1 1
0
0
0
0
0
2 2 2
2 2 2
2 2 2
0
0
0
0
0
0
0
0
0
0
0
0
0
0
0
0
0
0
0
0
0
0
0
0
0
0
0
0
0
0

2 48
0
0
0
0
0
0
0
0
0
0
0
0
0
0
0
0
0
0
0
0
0
2 1 1
2 1 1
2 1 1
2 1 1
2 1 1
2 1 1
2 1 1
2 1 1
2 1 1
2 1 1
2 1 1
2 1 1
2 1 1
2 1 1
2 1 1
2 1 1
2 1 1
2 1 1
2 1 1
2 1 1
2 1 1
2 1 1
2 1 1
2 1 1
2 1 1
4 1 1 2 2
2 2 2

2 50
0
0
0
0
0
0
0
0
2 1 1
2 1 1
2 1 1
2 1 1
2 1 1
2 1 1
2 1 1
2 1 1
2 1 1
2 1 1
2 1 1
2 1 1
2 1 1
2 1 1
2 1 1
2 1 1
2 1 1
2 1 1
2 1 1
2 1 1
2 1 1
2 1 1
2 1 1
2 1 1
4 1 1 2 2
4 1 1 2 2
4 1 1 2 2
4 1 1 2 2
4 1 1 2 2
2 1 1
2 1 1
0
0
0
0
0
0
0
0
0
0
0

2 27
0
0
0
0
0
0
0
0
0
0
0
0
0
0
0
0
0
0
0
0
0
0
0
2 2 2
2 2 2
2 2 2
2 2 2

2 21
0
0
0
0
0
0
0
0
0
0
0
0
0
0
0
0
0
2 1 1
2 1 1
0
2 2 2

2 37
0
0
2 2 2
2 2 2
2 2 2
2 2 2
2 2 2
2 2 2
2 2 2
2 2 2
2 2 2
4 2 2 1 1
4 2 2 1 1
4 2 2 1 1
4 2 2 1 1
4 2 2 1 1
4 2 2 1 1
4 2 2 1 1
4 2 2 1 1
4 2 2 1 1
4 2 2 1 1
4 2 2 1 1
4 2 2 1 1
2 2 2
2 2 2
2 2 2
2 2 2
2 2 2
4 2 1 1 2
4 2 1 1 2
4 2 1 1 2
4 2 1 1 2
4 2 1 1 2
2 2 2
2 2 2
2 2 2
0

2 19
0
0
0
0
0
2 1 1
2 1 1
2 1 1
2 1 1
2 1 1
2 1 1
2 1 1
2 1 1
2 2 2
2 2 2
2 2 2
2 2 2
2 2 2
2 2 2

2 39
0
0
0
0
0
0
0
0
0
0
0
2 1 1
2 1 1
2 1 1
2 1 1
2 1 1
2 1 1
2 1 1
2 1 1
2 1 1
2 1 1
2 1 1
2 1 1
2 1 1
2 1 1
2 1 1
2 1 1
2 1 1
2 1 1
2 1 1
2 1 1
2 1 1
2 1 1
2 1 1
2 1 1
4 2 2 1 1
4 2 2 1 1
2 1 1
2 1 1

2 23
0
0
2 1 1
2 1 1
2 1 1
2 1 1
2 1 1
2 1 1
2 1 1
2 1 1
0
0
0
2 2 2
2 2 2
2 2 2
2 2 2
0
0
0
0
0
0

2 4
4 2 1 1 2
4 2 1 1 2
4 2 1 1 2
2 2 2

2 36
2 2 2
2 2 2
2 2 2
4 2 2 1 1
4 2 2 1 1
4 2 2 1 1
2 2 2
2 2 2
2 2 2
2 2 2
2 2 2
2 2 2
2 2 2
2 2 2
2 2 2
2 2 2
2 2 2
2 2 2
2 2 2
0
0
0
0
0
0
0
0
0
0
0
0
0
0
0
0
0

2 7
2 1 1
2 1 1
4 1 1 2 2
4 2 2 1 1
4 2 2 1 1
2 2 2
2 2 2

2 29
2 1 1
2 1 1
2 1 1
2 1 1
4 1 1 2 2
4 1 1 2 2
4 1 1 2 2
4 1 1 2 2
4 1 1 2 2
4 1 1 2 2
4 1 1 2 2
4 1 1 2 2
4 1 1 2 2
4 1 1 2 2
4 1 1 2 2
4 1 1 2 2
2 1 1
2 1 1
2 1 1
2 1 1
2 1 1
2 1 1
2 1 1
2 1 1
2 1 1
2 1 1
2 1 1
0
0

2 27
0
0
0
0
0
0
0
0
0
2 1 1
2 1 1
4 1 1 2 2
4 1 1 2 2
2 1 1
2 1 1
2 1 1
2 1 1
4 1 2 2 1
2 1 1
2 1 1
2 1 1
2 1 1
2 1 1
0
0
0
0

2 27
2 2 2
2 2 2
2 2 2
2 2 2
2 2 2
2 2 2
4 1 1 2 2
4 1 1 2 2
4 1 1 2 2
4 1 1 2 2
4 1 1 2 2
4 1 1 2 2
4 1 1 2 2
4 1 1 2 2
4 1 1 2 2
4 1 1 2 2
4 1 1 2 2
4 1 1 2 2
4 1 1 2 2
4 1 1 2 2
4 1 1 2 2
2 2 2
0
0
0
0
0

2 23
0
0
0
2 1 1
2 1 1
2 1 1
2 1 1
2 1 1
4 1 1 2 2
4 1 1 2 2
4 1 1 2 2
4 1 1 2 2
4 1 1 2 2
2 1 1
0
0
0
0
0
0
0
0
0

2 31
0
2 1 1
2 1 1
2 1 1
2 1 1
2 1 1
2 1 1
0
0
0
0
0
0
2 1 1
0
0
0
0
0
0
0
0
0
0
0
0
0
0
0
0
0

2 49
0
0
0
0
0
0
0
0
0
0
2 2 2
2 2 2
2 2 2
2 2 2
2 2 2
2 2 2
2 2 2
2 2 2
2 2 2
2 2 2
0
0
0
0
0
0
0
2 1 1
0
0
0
0
0
0
0
0
0
0
0
0
0
0
0
0
0
0
0
0
0

2 9
0
2 1 1
0
2 2 2
2 2 2
2 2 2
0
0
0

2 14
0
0
0
0
0
0
0
2 2 2
4 1 1 2 2
2 1 1
0
0
0
0

2 29
0
0
2 1 1
2 1 1
2 1 1
2 1 1
2 1 1
2 1 1
2 1 1
2 1 1
4 1 1 2 2
4 1 1 2 2
4 1 1 2 2
4 1 1 2 2
4 1 1 2 2
4 1 1 2 2
4 1 1 2 2
4 1 1 2 2
2 1 1
2 1 1
2 1 1
2 1 1
2 1 1
2 1 1
2 1 1
0
0
0
0

2 8
2 1 1
2 1 1
2 1 1
2 1 1
2 1 1
0
0
0

2 20
0
0
0
2 1 1
4 1 1 2 2
4 1 1 2 2
2 2 2
2 2 2
2 2 2
2 2 2
2 2 2
2 2 2
2 2 2
2 2 2
2 2 2
2 2 2
2 2 2
2 2 2
2 2 2
2 2 2

2 21
0
0
0
0
0
0
0
0
0
0
0
0
0
0
0
0
0
0
0
0
0

2 15
2 1 1
2 1 1
2 1 1
0
0
0
0
0
0
0
0
0
0
0
0

2 36
0
2 2 2
2 2 2
2 2 2
2 2 2
2 2 2
2 2 2
2 2 2
2 2 2
2 2 2
2 2 2
2 2 2
2 2 2
0
2 1 1
2 1 1
2 1 1
2 1 1
2 1 1
2 1 1
2 1 1
2 1 1
2 1 1
2 1 1
2 1 1
2 1 1
0
0
0
0
0
0
0
0
0
0

2 20
0
0
0
0
0
0
2 1 1
2 1 1
2 1 1
2 1 1
2 1 1
2 1 1
4 1 1 2 2
2 2 2
2 2 2
2 2 2
2 2 2
0
0
0

2 31
0
0
0
0
2 2 2
2 2 2
2 2 2
2 2 2
2 2 2
2 2 2
2 2 2
2 2 2
2 2 2
2 2 2
4 2 2 1 1
4 2 2 1 1
4 2 2 1 1
2 2 2
2 2 2
2 2 2
2 2 2
2 2 2
2 2 2
2 2 2
2 2 2
2 2 2
2 2 2
0
0
0
0

2 2
4 2 2 1 1
4 2 2 1 1

2 16
0
0
0
2 1 1
2 1 1
2 1 1
2 1 1
0
0
0
2 2 2
2 2 2
2 2 2
2 2 2
2 2 2
0
