100
4 11 12 24 26 46 60 65 87 108 124 151 171 206 234 258 290 329 366 411 452 494 537 577 631 684 740 786 847 911 973 1030 1100 1164 1226 1303 1377 1453 1525 1609 1683 1776 1854 1938 2027 2118 2218 2316 2402 2502 2603 2707 2821 2918 3037 3147 3261 3370 3484 3601 3728 3850 3973 4101 4228 4365 4492 4626 4764 4901 5046 5185 5332 5485 5626 5782 5934 6090 6252 6411 6570 6734 6890 7064 7226 7398 7573 7746 7930 8106 8282 8475 8650 8845 9026 9217 9419 9607 9808 10002
100
43 1
71 5
61 1
16 1
95 2
42 1
30 1
71 1
53 1
71 1
53 2
91 3
15 1
33 1
14 1
26 1
70 2
88 1
6 1
82 2
48 1
20 2
63 1
16 1
60 1
16 1
24 1
65 1
61 1
76 3
71 1
89 1
48 1
22 1
100 2
38 1
10 1
93 3
95 3
46 1
62 113
17 1
6 1
47 1
63 1
34 1
60 1
56 1
40 1
15 1
74 1
41 1
49 1
26 1
25 1
77 13
64 1
5 1
4 1
29 4
26 1
48 1
24 1
47 1
34 1
21 1
40 1
56 1
82 14
45 1
30 57613756
73 1
27 1
13 1
59 1
17 1
14 1
68 2
72 2
32 1
45 8
19 1
9 1
11 1
86 1
38 1
65 1
4 1
44 68
72 2
69 1
7 1
31 1
15 1
76 1
95 8
51 1
76 2
8 1
35 1
